# rmse: 0.02652 eV/angs   mae: 0.01967 eV/angs
#  True Forces           Predicted Forces
  -0.25160075131966475048    -0.30166323763232638644
  -0.11666220241644797984    -0.06878783588224315904
  -0.73881292335530168724    -0.76471867328388487550
   0.08141918423249767944     0.07434707731304839029
   0.38222519174245728202     0.38872675842060222529
   0.07943726773243761641     0.09046278243133067110
   0.46163065513704515386     0.42105052980063611967
   0.84452493166262965207     0.87213779395320956134
  -0.04434516271298707263    -0.01221172494097926518
   0.36063490821814897513     0.39602852620721762378
   0.02390310183099682989     0.02013856338130957935
   0.35649781468692082198     0.38325581309507256167
  -0.47870438700649553532    -0.48402566025040250075
  -0.41878430431224900055    -0.39439626875345057400
   0.02332613933706080556     0.01788591520668489712
   0.41547054055321108734     0.44908217009985540447
  -0.22227204909340797512    -0.21975365793313020313
  -0.24453914548432087450    -0.21240793380591596606
  -0.06315506693743261346    -0.03690730429473420421
  -0.26097436366769399818    -0.20437442970697219935
  -0.11191200190841076034    -0.12211871777218077928
   0.31224704981947726257     0.30460447075605068257
   0.67806427279189218638     0.68227286829912903166
  -0.06212426617327253958    -0.10699129903457513247
  -1.05906162529033820441    -0.93597250942400300744
   0.03730992738138064202     0.02331690053577515839
   1.02942114082183144852     0.85084683740663569207
   0.10477948159097776049     0.10418401584614239708
  -0.27930854363155044329    -0.29396385332239599597
   0.48815594421220065424     0.44807030346621429251
  -0.36298625723880029170    -0.34747758889152557948
  -0.08816861148113290525    -0.10683539859173617204
  -0.26163066551304275942    -0.24054721323813588185
   0.01770137784151169791     0.03317394098368937894
   0.36090645557463923998     0.34354770089201858152
   0.27632853024266512687     0.27328675681807595987
  -0.22320884524017436945    -0.25005326013011047737
  -0.50955540235873120203    -0.51883311821077193748
  -0.15344737161871721542    -0.15445924056613458131
   0.59268878763117238684     0.62180187930560526510
   0.61012237709126393437     0.54622565354857255393
  -0.04031994264212575979    -0.00846052764618789033
   0.78170624245448228073     0.63829229465729198090
  -0.31781610743275207076    -0.29361740548393344685
  -1.36317875405609845174    -1.21083857601778333013
   0.15842864895957911586     0.17278009426548124328
   0.03366498002729088196     0.04147061199156836658
   0.30397966717146474025     0.31945270936772457437
  -0.15912822816753596777    -0.15715872644261061342
  -0.28254315589042733325    -0.25348690485920460924
  -1.03470376100751937365    -1.05908115568965799369
  -0.34403893759710324485    -0.33162571299926435486
   0.58575245992091418135     0.56290018989638146429
   0.35378088882163799545     0.30268180876126266066
   0.28056085299943894773     0.27608765549707192655
  -0.06074703188634567042    -0.03451348723499821081
   0.07824269874123546131     0.11300440520728570470
  -0.23065055081010793492    -0.23042618884390214662
   0.00360960655637785482    -0.02198399035289066300
   0.36949908053145069653     0.35228862761489931898
  -0.27135155129878985036    -0.25762355519317786667
  -0.46752536567917513111    -0.47386138229741325834
   0.09588717140815924966     0.10294285847048013915
  -0.12536308980147925496    -0.11079635207828700261
  -0.40319999041386272998    -0.40772392532489193373
  -0.23136140380985797949    -0.21702759480229616429
  -0.10464744949473825386    -0.11538477856018673762
   0.24830130248849224817     0.27891181557599253882
   0.31429594917777903262     0.32648464646478558837
   0.23140256156823654776     0.20953447828399107689
   0.19690182254515131710     0.16360307495392964472
  -0.18972548154320428848    -0.21099619943240427444
   0.37722772827867578904     0.36781436754042784454
   0.19380931514717758546     0.18498785244546117612
   0.41746782551550198903     0.41228815434380783334
  -0.25574142297405833002    -0.24208479471738325595
  -0.23996730356780343607    -0.25526806936589319097
   0.05502227075547276580     0.05512402690633130126
   0.14108520852590564210     0.11100890271710005253
  -0.24041177207789074521    -0.27834982237441052710
   0.00411847506325394019     0.01388845071826183553
  -0.25679036830983648088    -0.29618088110427676085
   0.41791402636001695470     0.44512084581047917098
   0.02112032571589278485     0.04626796510323226419
  -0.04951333115870139301    -0.04988699168281819640
  -0.21838400646865385735    -0.20683542228409410035
   0.30046250752575615062     0.31009589614995464180
   0.12166210835701221638     0.14653933466626931081
   0.02357839425346245146     0.01307101529632369308
   0.02595474570757028143     0.01279531852296794323
  -0.38584846392703875395    -0.35162047214265024220
  -0.77833861613199328833    -0.81015138551183407678
   0.02571803546229081694     0.00408437222605869538
   0.18314499040491794002     0.17256435736086528365
   0.26407066113595767387     0.27630453846268504536
  -0.14261559880571664238    -0.11535441774951904481
   0.05847603867828427004     0.00907079021992790446
   0.67359244714832089418     0.69312340617518231056
   0.27119216623741160266     0.22912304251015572221
   0.26621173244576007422     0.27774895789096187837
  -0.02276941298870221661    -0.00703675284322495542
   0.23204191803330390109     0.25451695995764761493
  -0.01433385056712564373    -0.04320427295565328063
  -0.08727783572436821624    -0.06016105900804534501
  -0.00052314116220589062     0.01134156371574433081
  -0.36700684041265707602    -0.33385170432967725684
   0.45104669789528023527     0.45493685688896251529
  -0.43774764521527043115    -0.48511682914951848034
   0.74479234245868874975     0.68684107464341659366
  -0.77905709097411746100    -0.66695327327645670401
  -0.04961330722991948855    -0.02764376353735554723
  -0.25657235748473367076    -0.27765517292787444958
   0.19823599550790407808     0.16444365616098363669
   0.03207203894612596640     0.01789532920173748237
   0.24832506889106903403     0.27258158762186257551
   0.10257806804821047175     0.10317698389294960304
  -0.01920892077137729970     0.01239620880677980153
  -0.13996792609567210164    -0.09443648263130914600
   0.12648497231878985669     0.16101127540685886141
  -0.29543387076757415821    -0.31359937494076334241
  -0.00047812746999589990    -0.01737251777364094696
  -0.48471061662297593164    -0.48684227779576150219
  -0.15291863439521446999    -0.15285324000353689433
  -0.07840464065747121403    -0.09528770561360129510
  -0.09746958135088998332    -0.13401972990954541531
   0.22467528985054052715     0.25010876952283422892
  -0.75164204599196571266    -0.76357727277795084397
  -0.44812970900125054241    -0.42581524123842645624
   0.18128465656129563732     0.16593645252344482732
   0.48696275207618811010     0.46460781414583740556
   0.14675640550609680979     0.10080987502873407780
   0.29238133658801973569     0.29888662338425792120
   0.55814611324768814704     0.56431252950316546091
  -0.21763063865871482006    -0.20634806427039215082
  -0.21504786380611595753    -0.22286318968370844029
  -0.63626963492734578409    -0.66240654280200828019
   0.08830645165331635349     0.10147972338482756649
  -0.51794581197834155262    -0.49519606726240894545
   0.44042239529886617611     0.41462112254947453005
   0.05564410650028976668     0.06961143543268949463
   0.21817164872269470544     0.25234652846741889576
  -0.04702538956445648233    -0.01747630267704821522
  -0.08805476988722506226    -0.11294804013456077874
  -0.09814675169429544488    -0.11353436136199987483
   0.51375228882967249877     0.47422911004377454880
  -0.37711319105653628991    -0.34288520574716696565
  -0.41704286084174774230    -0.38620861347502333238
   0.17375341486847828421     0.17685827497815365117
   0.17790382175235169848     0.16684924570672376998
   0.35737792502427906394     0.37007509265509946905
   0.47432057336249616730     0.45749483913472754892
   0.23466383073129809533     0.23524954032355271938
  -0.31366388284628821115    -0.33293020971954156995
  -0.11878710697585925793    -0.15526086475691272537
   0.09049721588837371378     0.07505394574363594140
   0.09286488541744568337     0.06637237779100227386
  -0.55294681090455766181    -0.55982234186851120850
  -0.04996668246207036646    -0.07267351401918983878
   0.29341759875122030987     0.29643553157935603748
  -0.22384436612158584157    -0.17566318317871834620
  -0.52261222669428464283    -0.58405475858085587060
  -0.14079786929362492209    -0.14354884177079116347
  -0.25316663753513551915    -0.21104973378127320216
  -0.02773980241977103134    -0.01587510235980603424
   0.27867345011263200405     0.27043664810710327240
  -0.51861103613662162815    -0.42313196899892346892
   1.00154554980814336496     0.94291091895315926052
   0.52409144261654783126     0.52129334332263144169
   0.30397092110934748055     0.29620292733827424669
   0.28629234188272278949     0.28734458327678741307
   0.02578098964907022533     0.02796540075799072364
  -0.04452830773482786830    -0.06854841330106017927
   0.26654326391853472300     0.23884919678507093854
  -0.21175690728965196330    -0.19586860116066662219
  -0.29230699705155671619    -0.25541206874814337269
   0.26655877559724722170     0.25371877268072984268
  -0.21950786054807680525    -0.21306176138290361388
  -0.28116218013741606230    -0.24323179898721616898
  -0.59726542279861272178    -0.60262942674808250842
   0.05212869284509328432     0.02987997254006653086
   0.10053729531084942828     0.05774946654788191275
   0.00298956865138401851     0.05795356533076669037
  -0.25259355349989298656    -0.25728864918753791002
   0.06984237522639236140     0.12456896750341828195
  -0.16895444694366856808    -0.13766837367281287152
  -0.34367384616201157588    -0.39894513706933448782
  -0.14644323631362829441    -0.13952971608858283359
  -0.01886545014822281485    -0.00679657311223499580
   0.47243842334063695931     0.51614914023339220073
   0.28398418027885319326     0.26003208847655989722
  -0.18202263507686014532    -0.24381111699669108517
   0.13703026480529367781     0.14750460702081116815
   0.00090171199726835245    -0.00442229132083315352
  -0.05084264829411152403    -0.05518486409195118986
  -0.53380284013228229689    -0.51602420902399859237
   0.01976847219490706839     0.03240260708479134055
   0.09210896051385977779     0.07297845506280345451
  -0.07630475993397420331    -0.09189234473622373556
  -0.15302328303103324147    -0.16516842384089794327
  -0.56693917740353405588    -0.58329744980901776508
   0.28261882751210221087     0.29803415827573026542
  -0.06300194228100014504    -0.05819311380474562201
   0.12678516064968708976     0.15613321343434222177
  -0.07231352279698975705    -0.05343990982196653028
   0.32385403348255914491     0.30995572637206164623
   0.21911942701204198403     0.24325624423848901667
   0.32043118767793826729     0.33572724079395360741
   0.24759826586225530676     0.25006614181176550771
  -0.31521704126878363761    -0.30686681204220744856
   0.18593760302536041507     0.20909988955817757073
  -0.08168412856511264586    -0.07869735016229029156
   0.09780960827543552782     0.10662872761548904121
  -0.12902139133170642538    -0.18315433323037452751
  -0.24061807831384468548    -0.24445000093529734020
   0.47223805172352678605     0.46260071153312565251
   0.27430993435723338703     0.31985020909022959801
   0.43795485165645126058     0.44970597545320112332
  -0.09182878274888893466    -0.09562855005962433985
   0.01331817873616639863    -0.00134810109016140697
   0.12910047290544007792     0.13190342677151037365
  -0.41299703033927270823    -0.37321829098128089797
   0.28090474404493509519     0.25861312765566901728
   0.11045400332275397137     0.11569220897310453222
  -0.55411373753410275711    -0.54447154561424637720
   0.51234433152973091197     0.51234615063604760365
   0.03367392911882573919     0.03903763611847545223
   0.47174021647209862795     0.42841415286194967083
  -0.36003583418831625051    -0.33430649283127134019
  -0.11725499910889913835    -0.08488667388116413748
  -0.40191302471340040192    -0.44497129871800888967
  -0.50365608762253077924    -0.50139173854516361217
   0.22647878091089093666     0.20962788188443182147
   0.06257591038891399671     0.05770701244582743250
   0.14939125481626969183     0.16238936010784268960
  -0.43358983592381361571    -0.40076453889508212303
   0.00070513871572404005     0.01580321054876856687
  -0.51498644842009511091    -0.54750230705561309108
  -0.02244439867418915324    -0.03807278207343350179
   0.24148677963062456509     0.23256103615086115566
  -0.15923607442807866108    -0.15910652197331087709
  -0.15948865250110985659    -0.12728090038535772033
   0.08949903968565853241     0.09192079136002367923
   0.53643378620712744986     0.51924868429422255112
   0.37724074287669734362     0.36835526143574126579
  -0.07420170359587290043    -0.04989184216500899133
  -0.53598201239312237565    -0.55079725915493638055
  -0.39102536254064329535    -0.43314413823673120207
  -0.13980467649416405962    -0.15611761169256641035
   0.30791200342743652030     0.32751577774191603654
  -0.15750303368897480838    -0.16327142306006303674
   0.01953035676413963223     0.02352024756951569262
  -0.08811281579825663846    -0.09936239862814250090
   0.42018072243983012326     0.46070359854948261802
  -0.10694744542001718979    -0.09545931198486316827
   0.08866880134710146411     0.10299972722635492017
  -0.16794306029222721977    -0.15794789536989689571
  -0.16106018861897344885    -0.18698837130113324378
   0.12437238355834229209     0.10218921368268160665
   0.38310803693989892160     0.39113144677438038688
  -0.09987571803753270139    -0.08009103936530082013
  -0.29045900821313352935    -0.30417351748589582794
   0.03246000231277660492     0.00012135484944487962
   0.08652766619682325522     0.07179605447307703392
  -0.14538749246588703046    -0.14558663461919391091
  -0.23605930128965271764    -0.29385700863676889050
   0.08259604620693741794     0.09603823014783489931
   0.22752888636226165087     0.25445876917312137966
  -0.40990189602842891370    -0.43909175774354203270
   0.24265697107879374839     0.27332062715861721314
  -0.06697356900502439425    -0.06411948909537795727
  -0.17199731638951276658    -0.16521336893304117144
  -0.05656879401003296615    -0.06661179769156851116
   0.19410022527929310376     0.19238964616856268908
  -0.29579343523757106738    -0.27639066717471699741
   0.28353781169442726640     0.30050929947458016045
  -0.09965251063921383434    -0.11406776991665808219
  -0.44870370535844017468    -0.47034494386101377561
   0.22999728420787093897     0.21308369240907654163
   0.09934040296486656985     0.08689294486706976295
   0.44873058800927412282     0.43778703750279668316
  -0.22103116034694436642    -0.24597356976387818595
  -0.02494541471665365912    -0.04523990210833246650
   0.27445128242291172427     0.30264311708621854935
   0.13977841386921827094     0.14001086911727267381
  -0.06611631354980093689    -0.07274603220545776405
   0.08407653277172617845     0.10206504736533864031
   0.29464828573985396565     0.29848377149268023878
   0.06937354478891177845     0.10250789906500668014
   0.29944174612692031623     0.32507267210541718194
  -0.12064407896943472875    -0.08725584733822477901
  -0.01705604305124134440    -0.01541225983909871866
  -0.25439026476623555206    -0.28599548099322580352
  -0.20641248916429050242    -0.19523899300371394538
   0.26726518565616941281     0.27252528693902178247
   0.08015874795167457489     0.09031225461656916531
  -0.03475175981329436947    -0.03657543303290911041
  -0.01293418269061405793     0.00006707823661939154
   0.18249013453086221359     0.18633827124570873091
   0.32544337858893485071     0.34235038206750317835
  -0.19706146714934358322    -0.20121287110571733914
  -0.09865494821606279885    -0.08029059199612539888
  -0.11129343487556653258    -0.10396263474171259233
  -0.55411729844590928984    -0.56660317697206918908
  -0.15664534740595828510    -0.17265628539757021942
   0.25337395413262231436     0.25140752629069385016
   0.18476385915142942706     0.20085227031398047992
   0.22255420397720523940     0.19524164608039645818
  -0.11593534589822165892    -0.13564308648858461326
  -0.21780157431449750915    -0.24764714359839012925
   0.49230644388239053200     0.45579916203505194128
  -0.53823409605607785977    -0.52012701716482090397
  -0.32991768619802613882    -0.35813312416072018429
  -0.51321806501444700022    -0.51085125128514885517
   0.26742602738158849363     0.26452831340095017687
  -0.01969086783525832510    -0.00928125646158185769
  -0.21650890963172608750    -0.21066239743737893986
  -0.12113971938514814242    -0.11674811201412857442
   0.18951416054802083799     0.19452683792024433318
   0.14491085102211373470     0.13107255522835051242
  -0.20693477122273479241    -0.20125111847191781700
   0.27863672470754913268     0.32534201464057327380
  -0.05878441808571722299    -0.07817898561632659338
   0.22088924030776491136     0.21258233914720600644
   0.16687558952255029943     0.17357401692267002136
  -0.49031116281475228824    -0.47700302914333414517
   0.49534488971576728922     0.49525854980045846965
  -0.13647130127724282911    -0.19182844259341808035
   0.25610561289269356822     0.28086402824468958972
   0.30604609567319990271     0.30512547057566996589
   0.27854494799231899194     0.27067752532426986312
   0.06683602312823469505     0.04283339825889163205
  -0.01569520150396474384    -0.02967708440012176846
  -0.23599079753010263061    -0.26671801272560630158
  -0.25839955041018286552    -0.28339308023083975563
  -0.41755869365771214330    -0.40957211149408712103
   0.08915634044273493264     0.08368087646102612132
   0.35061159159700411303     0.39678438812158656201
  -0.07940612755696439817    -0.12190213961997217740
   0.15535471191043676020     0.20068506292995447193
  -0.45579764284331680813    -0.43980694843456402676
   0.12191797989974507976     0.14733821541784020148
  -0.27137743899912120105    -0.28814978106994348916
   0.39530630450253217978     0.40332761961647056737
  -0.05972885332734766822    -0.07881435484200113861
  -0.06855442470538765376    -0.05047213147610263295
  -0.21322685424350462657    -0.22336915140583032957
   0.06805110236593933659     0.04581401693767091915
  -0.00101322148180356788     0.02646685812105355196
  -0.22059250382587802797    -0.19102344672021182026
   0.01991737134842419543     0.03653535182086133787
   0.15809114530696530276     0.18361341921888860163
  -0.18441175926723116230    -0.16418237379795005970
  -0.38474791470600505638    -0.37401807822179644614
   0.19728519777715952666     0.17282188769818807028
  -0.32538355425757148343    -0.33281083970961050644
  -0.08057101573396319161    -0.08153597087546815558
   0.29775069186789937525     0.26706833889327380449
   0.56144994993337116185     0.55086670788251246300
   0.17313390109966178554     0.17062320864154631450
   0.06019564143464614658     0.05539023726732417163
   0.15211264007872815629     0.16744248168176778524
  -0.38252328028499416046    -0.37097074221559256380
  -0.09092917761664698340    -0.07253782952644556581
  -0.09375145724043562612    -0.08459637559845843702
   0.38579026094591462037     0.40654232783457538991
   0.33486016410049834757     0.31767079345190812889
   0.23026547827607440899     0.25795831171857042108
   0.11423747336085247894     0.08066731660214611355
   0.07036671610714795300     0.03146048812065699307
   0.18170247398311381581     0.15631076414426683940
  -0.16736879424649447889    -0.13885549468337421430
   0.20576327534185057111     0.19717361850675652057
   0.13045140325588086561     0.10993153962124355139
   0.45982819589647183633     0.44462093843112898695
  -0.55221912639037529225    -0.54402420585168176359
  -0.33024589629262673940    -0.33857330348515346508
   0.12818629720606192213     0.13720910904228253435
   0.08259744613398899149     0.11319594447593900322
  -0.10884812165371957060    -0.14296570257435980977
  -0.46027953136379823329    -0.46990182727134688356
  -0.37045664637970920907    -0.36212027726050322052
   0.23246685083056906063     0.26619808694571656105
   0.16363893984308403029     0.13144497738360824690
   0.05856945606391147918     0.08734724198416085605
  -0.01173010928393287793    -0.00463955692484762944
  -0.41413209976889481245    -0.44136087114467370540
  -0.10233939100796166088    -0.11155551154537779457
   0.12736810774582799088     0.12546099013107930853
   0.22220260906065780748     0.24824926897020593852
   0.42775114097721256279     0.44932779911328679656
  -0.09024511021362534302    -0.07812797389194749142
   0.13477162084866697866     0.18439580613299577649
  -0.08254908943608474381    -0.05261335422788235294
   0.30826530209166991270     0.33113542399049178400
   0.35198416521774145149     0.36126703985551900100
   0.32305783620163303071     0.30374805096414725369
   0.28536444918236103518     0.32182087134149028884
  -0.34419482186463401518    -0.32933949126865674772
  -0.09952892782923647430    -0.09551068100869712640
  -0.64775102755216584782    -0.64234194478314754484
   0.24416903830125891162     0.26434436532187888247
   0.00161696248544288858     0.02153864111318459437
   0.16465096040632676289     0.15750014128031722405
  -0.22189039912597430249    -0.18979846149186091475
  -0.18585668784157247102    -0.18472669949534248346
   0.29401195345083336319     0.30952070254348690304
   0.01680990491429787057    -0.00051271651688858041
  -0.24656254156223086915    -0.27521102442782224839
  -0.12230988618186051931    -0.12482229801954750070
  -0.09477280135254866067    -0.09487484577452742762
  -0.01266511380661834371    -0.00171722342489993417
  -0.37683147216687951087    -0.38112497886665530622
   0.09746463183392993501     0.11227685429288829233
  -0.22588536906106870816    -0.19034716199045159657
  -0.20723610992967858579    -0.22322446851338142992
  -0.58665691078150405957    -0.62162918211597961715
   0.27976327133524570012     0.27238841585733131190
  -0.13779720782798196566    -0.15822143526085341581
   0.04360362916584592519     0.05431663647474174739
   0.00899912976628858448     0.00096740497156130195
   0.15117422766985424976     0.14478769184737722009
  -0.13002847271789377825    -0.10963472256414810713
  -0.32112011376425014797    -0.34679510646208272506
  -0.05202812275249257823    -0.06601770702776486865
  -0.17511907841926713236    -0.21267040910764223316
  -0.00011680209965136967     0.03392789671253555739
   0.25174195441522395633     0.28281828546702597604
   0.17560163258395616870     0.17188626956584107663
   0.19146077360814764412     0.19082612880972621427
  -0.27716213929737676391    -0.29367969881988181813
  -0.18316569321231254697    -0.23538205689228186568
   0.01888631731266983416     0.01367361157665973603
  -0.34003542395039637602    -0.34770284376946758442
  -0.17296531787483709897    -0.14497819767396241675
  -0.01147298470982820694    -0.02417366481007961199
  -0.17400133712992194024    -0.20847247054239376185
  -0.42441922451829156016    -0.43782819392797622804
   0.21444332336250357396     0.22468588137998174448
   0.14520165387347611086     0.17998272064099013479
   0.26470473443654390922     0.28666135157567029790
   0.10136191465118950250     0.08866226048718224562
   0.37842859472830941980     0.41199163331274835098
   0.17768696728582888955     0.17579553964551067335
   0.00528062714259648364     0.01806435598253545299
   0.23354506792359200351     0.21407145150921338961
   0.26448894461501398778     0.25550423959076679070
  -0.10297733653363747020    -0.10024702382604758211
  -0.07707350025507271607    -0.07683781690777860551
  -0.05956315897546533150    -0.05689032461928832801
  -0.87295287820927292000    -0.89716935446647350094
  -0.10543728283845474336    -0.11784119050923787253
  -0.04579348141164635982    -0.04294014188323490300
  -0.05394854345025818648    -0.04680851164790705149
   0.12781288235590693159     0.06201298839963170079
   0.11486075629629891037     0.10758917120845010174
   0.34900465409308395470     0.38964639336739886888
  -0.22180184450988602030    -0.25643082890297497212
   0.46334612253992923936     0.45917392550583735478
   0.26944326112352889879     0.23272275485524310246
  -0.32354123713401544693    -0.31684054087156648949
   0.38810206225970106386     0.38339106317729121365
   0.09047522464710346102     0.08910754884206792403
   0.29758444540496209463     0.32524120963350278135
   0.01612319945349709530     0.01904746811234820508
  -0.51326405041376099714    -0.54636239990652635257
   0.42587553883186163306     0.42253911267980626132
   0.13257539162588860560     0.12851574102703686164
  -0.19923066027211605578    -0.21857106298173328840
   0.05794648002034880063     0.06180229430064791002
  -0.32699122583730833025    -0.30786040542059589509
   0.41734013439316836047     0.41228733036745479623
   0.31561111818334491863     0.33363654561091604656
  -0.19310868387288682158    -0.21417462616085505833
  -0.06473490122276127912    -0.06997330712152929899
  -0.10106971254539111327    -0.09411404267854708849
  -0.02520066797981735177    -0.04009878006752828211
  -0.00159323192119939288     0.00516007687043608040
  -0.29853121271477545129    -0.29388732580144893980
   0.28950662727423143172     0.26755776329358760268
   0.39791405204168484033     0.41504841359654598421
   0.02300741837892325212     0.03143090780429388942
   0.21848435977950325659     0.26815426099770006685
  -0.10636376382544002195    -0.09546566615714272008
  -0.35417749985568947046    -0.34706372829363163479
   0.18227731194466748055     0.15904792597308781144
   0.21185295785084795606     0.21847358050615700575
   0.02342646449625403887     0.01903800936923865858
  -0.31457017768234146748    -0.29564459490268885089
  -0.13923009528966298620    -0.12674051486923823551
  -0.39736505770360219802    -0.42496275364067487290
  -0.05005470690989732852    -0.06236758570635717036
  -0.05380780511510897118    -0.06832860726880357616
  -0.26629450936556425811    -0.28616118692647241062
   0.60962140534603026509     0.64060346079499974614
  -0.29878544480506497028    -0.30037720078937768520
   0.31862400315929062522     0.30305149052629853923
  -0.11420332832036061976    -0.12325958531713814004
  -0.10741057499848810641    -0.12266430494423656572
  -0.18398043153724175092    -0.15144332921535358372
   0.34259368524267974632     0.37992415986605854172
   0.36117574706310484611     0.36094268384380645553
  -0.01528379488896150148    -0.01304689661279132343
  -0.37033704233822378749    -0.39265709135828241738
  -0.00567757903108262810    -0.00151629268472820711
   0.20638627710203949484     0.20654760215748707575
   0.29480338973725916940     0.28123660191060062541
   0.05338091446675127111     0.03222909622550835379
   0.01653141535264124329    -0.00499430772069292886
  -0.30425803242432170048    -0.31733429762738718516
   0.03266144241340040999     0.03824192484025107364
  -0.26922054489784125186    -0.28786834319726944953
  -0.07677100605977106584    -0.11117072318381590601
  -0.44248778546255224109    -0.45538068541589071803
   0.01097327371811589354     0.05148943754761815816
  -0.09782175841659296323    -0.09767783787390492412
  -0.00608431677876485923    -0.01236377224856488599
   0.14022226729793133004     0.13953896335132381923
  -0.07362956602127040950    -0.06996829243503875639
   0.11597464287263416216     0.12320062039245488483
   0.47830093754924118965     0.47326233255263194799
  -0.03559247678271958842    -0.04828506877176232809
   0.29727231987979907402     0.29956555754420927107
   0.14453722172958433090     0.19059505348149979875
  -0.24560193291826948325    -0.27732239672116415496
   0.05983667321894873409     0.07034835189043839310
   0.44712219721092105740     0.47508071006615254506
  -0.09642802432019653702    -0.07729395661905237580
  -0.18687002566919266866    -0.18978579662958569574
   0.17838886854527283288     0.15233129347519247521
  -0.06552930187684256891    -0.06622408996350480359
   0.11573844308664678338     0.10125971624679823424
   0.07450335748550528103     0.06462852523936525595
  -0.16452970508206099520    -0.14346473621920954877
  -0.25129177292278664924    -0.25111940765054630020
  -0.08441256611787478770    -0.08620359616180589546
   0.18060238234950221070     0.19228389243814258958
  -0.09311420045520722721    -0.08352685047514823991
  -0.08344729771267214713    -0.08054882211089609001
   0.25940209036050188018     0.26370835941219594734
   0.17781232946027050734     0.18618605708156127365
   0.26425456621292742199     0.26861970929720724310
  -0.03186971986428988046    -0.03615128338415844744
   0.36900654106288288681     0.39551440504865209569
   0.07709350654173369177     0.08743493685473428811
   0.27592833763672558467     0.28281761083671064227
   0.06533724972929209895     0.05904081143441432949
   0.00245436968773510202    -0.00003454062668813845
   0.09515360212159565401     0.10718567887321750476
  -0.36519448869619319797    -0.37260107691994370782
   0.27112786910698294385     0.29283943898299935604
  -0.23116531541031182240    -0.24618021637268280855
   0.04809411463535796100     0.05732099283035207993
  -0.37148508230414889475    -0.41009213559863166854
   0.05618845536419958542     0.07069565495087498652
  -0.16989782624119806331    -0.17767590609269312552
   0.05059755847500297526     0.06928994016912301546
   0.32227211405563799262     0.26687848742829967108
  -0.52094027516928520516    -0.52434991272097319914
  -0.47136555179303785135    -0.48222975690082003908
  -0.38084203547781725341    -0.41954664057823232159
   0.21392515544438597819     0.19769365855799869713
  -0.09874090667469560823    -0.08897667775837825310
   0.85249790909417033635     0.89799287025695528897
   0.14661986300218976531     0.14064478727116860868
   0.16920645501274991784     0.12910891001685151358
  -0.53588001522053885228    -0.54809433790247596985
   0.58437531614708948524     0.59454622967980497172
   0.11687039809425614489     0.13347714812144653718
  -0.34104746159858329024    -0.34222375490024575795
   0.12748672104206745792     0.15058185077575733657
  -0.44408372474146751152    -0.46382957076610081826
  -0.50252273160617311198    -0.50401444261397820856
  -0.28130915453759025580    -0.28923952661896545901
   0.02622854243570443139     0.03968638327492280543
   0.34282929529809058611     0.36835078842225676965
   0.04791467762195593394     0.04534488925159218392
   0.37323394320497910170     0.36937205137196976734
   0.60653474381690397621     0.64007089723631049871
  -0.21584825568538834606    -0.18354566131249613892
   0.03772268370544821364     0.04640338753489871293
  -0.22298869885375782740    -0.24666383602356456439
  -0.14557769317054625180    -0.13280497941863095290
   0.16027360743733370940     0.17172964090009873450
  -0.13824672225339057485    -0.14397975557256278978
  -0.48236540527330679096    -0.52350977109766017037
  -0.55756418638765647966    -0.54889062387457321357
  -0.00376262201913943155    -0.02048590628668707503
   0.14743151607152388261     0.12649688256613395021
  -0.29109547021922299592    -0.28239188551171784392
  -0.15620410667783257708    -0.13631341039642613788
   0.40703718024139617926     0.36362946378026794747
   0.46877341023663682273     0.50180056633589109616
  -0.05901661609152727972    -0.07045502689990602863
   0.11290847383158378325     0.09647425249444478712
  -0.18180460382007054831    -0.18098140177472146761
  -0.18316078438485500213    -0.24169607878840770887
   0.01575956791713633773    -0.00637325347089264145
   0.00380084089441008136     0.01552954612087163039
   0.13986363122173567364     0.13908758630216333518
  -0.04110432462336235937    -0.04682141294586270042
  -0.08201733018668512509    -0.08761775318137982049
   0.22589271593260906723     0.24484561764616125101
   0.41626408936722464338     0.41287949462870837669
   0.37680777550718796975     0.37912461753386328400
  -0.61164201117283090170    -0.60041071040865490183
   0.16345720910725949904     0.19977974658345604153
  -0.78633972548821551296    -0.78423396804642009350
   0.33732377824464226945     0.30998208216127559611
  -0.09253881250845487350    -0.09092089152615481784
   0.34469754721739603864     0.33947858275326636690
  -0.31867508966761765032    -0.29358070016131865287
   0.11669396648922254756     0.13959000225189702182
  -0.10359376082686244658    -0.14291543350041047145
   0.25570491839106868071     0.26365986468851082547
  -0.28331943327490494156    -0.28580712715776918076
   0.33285674791922154059     0.37117871272887437151
   0.50592691015346913375     0.50417601286391711124
  -0.26104340203701748013    -0.22604750006269505591
   0.37034358264570482744     0.38535491611564837156
  -0.61132112299177265857    -0.66957926206907814048
   0.01827404725258345922     0.00834916840145745812
   0.16619138632457336469     0.21679187831431623312
   0.07966471657857832067     0.06644938596876534542
  -0.36386450168889789003    -0.38523214971863450895
   0.26640354926547898939     0.27537885866623856845
   0.05979096700082292548     0.04813148887182640973
  -0.16515568500890639991    -0.19125966642599856460
   0.60922290045523341817     0.60911780291230388507
  -0.37684856792828963501    -0.37669931084937291477
   0.14633500515754421789     0.14231601592941350853
  -0.28937135285160148213    -0.30151311734795838149
   0.40357493297285512712     0.43065905318744407415
   0.08416257629925276429     0.07297521189752964599
  -0.00240355730427936187     0.00028419293921569388
  -0.31906792402436534584    -0.35809693856065499817
   0.14506559567121271592     0.16659979440590180766
  -0.25491858452567339732    -0.28020141779919294223
  -0.11480209972115273942    -0.09415207314766196878
  -0.13165966801444539680    -0.11209236585200388348
   0.45045307856006427949     0.46070283811823886655
   0.00919236134920657817     0.02070135505016575811
  -0.42444859129712542156    -0.42976173915910254042
  -0.40199448262958115130    -0.45734023737107643015
   0.08360724968772588472     0.09519174332491121826
   0.02009112366631099836     0.05011619357461472024
  -0.10038977512823080152    -0.11628873060550429241
   0.26691587344112127633     0.29616050046124386963
  -0.30720604762198283622    -0.31591144073810917270
  -0.34466178814853914991    -0.39073905960734989229
  -0.60296769715198705875    -0.57123889499837920969
  -0.63462280427403927607    -0.53825440830069570808
  -0.20205845743928196878    -0.21227477299077021633
   0.66306830012471906777     0.61405208062224370114
   0.79308687699601654320     0.74640174537515480147
   0.39619616942681845639     0.40348806234829798223
  -0.17413346438285257078    -0.16701914857544630788
   0.16060548272779034962     0.19970536379061668009
  -0.35201231421289225221    -0.36281288783640719409
  -0.06194627992378585329    -0.05384531280587426250
   0.43621391752115978857     0.45257293576298240900
   0.15685596023053605119     0.12249547519373968352
   0.07520794026623392470     0.07564090286797292562
   0.33311298356707136348     0.30407817193239194964
  -0.30916693674524986513    -0.28930006200492119905
   0.32045904870783026297     0.38261068116840168951
   0.17266676386469909099     0.16319238017096235338
  -0.30060156779107644054    -0.28502354282399100516
  -0.43098631378949059378    -0.44227489051842383549
   0.22753190657945318587     0.21190201185303755849
   0.04616071067409668188     0.05429766404475674241
   0.35304203314511195533     0.35506695869771243146
  -0.36794365785006516445    -0.38871853292026758986
   0.36190099859967539420     0.34195880240198339717
   0.00878263733156981960     0.05238003457875292646
  -0.38793117921511466317    -0.37455406444508443364
   0.06848632141737061307     0.08396033349904108434
   0.17854141614983420894     0.16906132056986145074
   0.16495472181652809374     0.16066170567264681512
  -0.48594815445333683357    -0.43836361573193938224
  -0.15211347184110410313    -0.14347470042803531221
  -0.16210724678040502877    -0.18844822372051828197
  -0.00708006578350208089    -0.04110829090960824161
   0.06773690414383884417     0.06164668498264444518
   0.20408548576136917307     0.22744841066018042786
  -0.41186867499500734446    -0.41081792276654460760
   0.94636194735967482661     0.91949412262550678232
  -0.42758932887175205018    -0.38868656120035199875
   0.49175687786282096248     0.54450099201871493548
  -0.35777385224630098293    -0.35477488982556326658
  -0.08506736510357160164    -0.03884384715859888482
  -0.28470712583165874721    -0.27047222852894653444
  -0.49441485576981364369    -0.45741229661725074651
   0.03972248946158368765     0.06781225736859677888
  -0.44155092731461115241    -0.49354424841547794856
  -0.31848166322881110712    -0.31230375635578677684
  -0.13069516203037132018    -0.13880724820215600834
  -0.03013129317884593456     0.00411795098426287216
   0.00239836329365742621     0.01066313352790326102
   0.16621174682827644098     0.19099999287178165419
  -0.32182974339955938703    -0.30870186927157106105
   0.19063891565725341048     0.15215089306062984376
  -0.03953135971306109830    -0.03498222725303383462
   0.11184364202460891913     0.07500089604777222807
  -0.42255399927096354284    -0.45127332178907725302
  -0.64657790058857167459    -0.61951467856546860169
  -0.38823447944053757208    -0.39457247167038556057
   0.17788830847631767473     0.22986040424686859929
  -0.07080263911816891964    -0.09599668113117126866
   0.03225094987427165605    -0.01381117248782389763
   0.12183665776195451436     0.14814381287784403329
  -0.35476858498686436594    -0.35071659940739485783
  -0.14131055342900911143    -0.12564917603794237277
  -0.74108042342547775228    -0.67496305889748531293
   0.81025202489141423534     0.78322797745520544854
   0.27815083923631062079     0.26688331647570584515
   0.01090467645929657677     0.05772605911968064357
  -0.39686342863899060074    -0.42476244719061961863
   0.29092353722335573263     0.27951341060917145320
  -0.14747238769351905807    -0.12597283712086185248
   0.26470375336614837547     0.22746926663915145728
  -0.21590231536790324696    -0.20881388335545286727
  -0.31358789410075360582    -0.30678395981595385500
  -0.06942421868136525176    -0.06440593179898872200
   0.19421195588209180793     0.22367408811538924684
   0.53610583403863354413     0.55871196154864044559
  -0.11106361856326643633    -0.11633966867852937876
  -0.57837840452538580305    -0.57091385984310027979
   0.12869312401645180421     0.13733190197694705725
   0.53616576473247390400     0.54016224499829834649
   0.01008094208093196671     0.01467758193991637594
  -0.14339612024167516791    -0.14411064073552726228
   0.06770598357557645885     0.11502077817531231041
  -0.10995748151701723039    -0.08718652052196854130
  -0.48790914569868037987    -0.47846709250814772885
  -0.30154693002042298744    -0.28796755851617023003
  -0.04097438980303164113    -0.07496365682895518578
   0.21820608918334846726     0.23175303428996391064
   0.32257233112217564841     0.30143850092656065964
  -0.18058156141893269564    -0.15936604516583705027
   0.26329460299155726943     0.19935659731795613014
   0.08009382035520738741     0.01919903272591799367
   0.13553386400828842939     0.16067169546980036854
   0.19641676286141479535     0.11147870358101596988
  -0.20242984454026977104    -0.26219348853812440847
   0.17616240635262681025     0.18856675691682206475
  -0.63783141719478997356    -0.61380686779431226086
  -0.28865201770777282331    -0.20896415559437364617
   0.30553888355353575612     0.31850767719266132039
   0.67263800447889654510     0.66093612645560950725
   0.16142914766460572662     0.12057601360061750984
   0.03326725474515179748     0.02535435487889375894
  -0.25487596418203234405    -0.27239022930132894551
   0.77891265370516793443     0.78900363836304099330
   0.00126834392356159689     0.01607494816082145894
   0.31792316160984807061     0.31978669357733346956
  -0.07447153337727759059    -0.10547432087840609427
   0.48897540817623041942     0.45834430884487731284
  -0.32759326217154305372    -0.36983429879817153463
  -0.10356191424117235089    -0.09664774449346780205
  -0.52351394423818742307    -0.49763860091165923460
   0.57558664629705447169     0.58055331766718332176
   0.34403634220501538854     0.34012176481764466729
   0.69790568956251497479     0.61033425920314532398
   0.06291904595299543934    -0.00934520872569438547
   0.01338000249569571559     0.01171068300637996204
   0.48371120017317958961     0.48378575343057073077
   0.12221135900186053114     0.11387498284976446672
  -0.10114199580281517388    -0.09754347328946778861
   0.24765276358216306574     0.27239262870573144326
  -0.36676030518119395740    -0.39051727691245263774
  -0.23975892856219818694    -0.25933368052172522944
   0.15511462841444725869     0.13902538579584999834
   0.00052729247469216964     0.00102160707351157953
  -0.00145041061054363568    -0.01429454338382546777
  -0.01002917058071037607     0.01902160792649158771
   0.30405656439262390700     0.30070267878279355322
   0.11021424025883425069     0.10629752651232561578
  -0.18592179427010377402    -0.19487843277965080646
  -0.16440181242659451799    -0.12950961181811532219
   0.10151923247161251385     0.10171974725013188667
   0.25599602224325623823     0.25207003506547759342
   0.33840066291788950537     0.35739234543332093486
  -0.21867668566729941970    -0.20317450961359068140
   0.45707547409050686138     0.46168805659987033341
   0.09832124221859898927     0.14489856887223623305
   0.29964353562011702969     0.29785804435394458434
  -0.28526882848749296473    -0.30547704874676645526
   0.17304871933534626827     0.18205705262908516984
   0.25969583008555791048     0.25810969653616461228
  -0.32475807419456231839    -0.30942350188660994181
   0.31039463943705852822     0.32616168757554336866
  -0.29710679935884004577    -0.28933885915821494494
  -0.06728796425559030459    -0.07499206674533800965
  -0.00986541803357255179     0.01631950139560435498
  -0.28136845541520771885    -0.27818821743225186083
  -0.08260909945890571038    -0.09264514210786070625
  -0.30466878790676354960    -0.31289907204510614136
  -0.35289527227465233850    -0.37067033015809264240
  -0.00029885141350688080     0.02030824484618660303
   0.13510811510243922462     0.14428493934473390903
   0.05566999960485377597     0.04706030673175932294
   0.21284142706531294920     0.20761663129284654850
  -0.00263421528874435967    -0.04558954367280457221
   0.07358042300224101884     0.06480450867216647204
  -0.12067829078852265745    -0.13122627264795133639
   0.44019121377850001231     0.43816674198625055192
  -0.03475120690353086794    -0.02439799406688891725
   0.10121126237823248328     0.10559254331643760927
  -0.08620908077559791272    -0.09618660472261371386
  -0.12945025474116972353    -0.13663959791136284783
  -0.39027790300318737637    -0.39353810549924383988
   0.23361574551268013411     0.23288013536866128406
   0.10589637299672571835     0.10203020425934211657
   0.03391230009703916082     0.06637167154324488672
  -0.43861471475731966807    -0.43830916551905957368
  -0.05417139717233247775    -0.05441379080985646322
  -0.30408409282688797504    -0.30544485481220862155
  -0.55909864065460612714    -0.55342769942390568350
  -0.20856343859647630268    -0.20351783888534530353
  -0.18881692786806697493    -0.20431153155524994780
  -0.06290569674616003359    -0.07148041269878654957
   0.84148297571677233009     0.84530429098013160072
  -0.29368516213438888851    -0.31079743526334679959
  -0.34173540008551439584    -0.30682728252602170516
  -0.54558870703990036688    -0.54976259553274176017
   0.07544367850870078995     0.07078134994220641740
   0.44832486700139217994     0.46470912138962106042
   0.09524471592223539285     0.09953904573309249604
   0.57947596764152875526     0.57821716433821690462
   0.09831523436293990170     0.10275003445942298974
   0.04686160296078970000     0.01279810985643358573
  -0.03507750424550915014    -0.05486684543775238732
  -0.39931808989480321870    -0.38085446051360327679
  -0.09679735420320861872    -0.07835864063739089724
  -0.68910316365267310079    -0.69170022048295298767
  -0.00914828513772901301    -0.02524999564720283030
  -0.00005797272925326530    -0.01279466645669621871
  -0.22528021245136789497    -0.23758879716436415164
   0.41752231336921846738     0.40279482476882366715
   0.37347991483358938813     0.36591597752150861744
   0.14135678332617321318     0.12277291245117964713
   0.61151005040150796521     0.58309088249822516037
  -0.31280452523130769515    -0.31187348372488876702
   0.21522971844793764573     0.19194668033309741917
  -0.09192610997130885864    -0.10377977167727220342
  -0.06269467690511654201    -0.07311487550483498910
   0.30479423230002444800     0.33854318044310938163
   0.04064038765562676125     0.03776720410500149921
  -0.20587109463365615980    -0.23445076337813602896
   0.02824343883996836141     0.03773780492053178948
  -0.17991953824426948350    -0.19680763570606946145
   0.13425359332022127057     0.13612004888564735450
   0.02402109977272034319     0.02100294379218139301
  -0.62916818717812694750    -0.61385200353840629894
  -0.15132127282045829131    -0.10836470089103249215
  -0.05815515346332056357    -0.04660476317525494294
   0.30152530658879217462     0.28075535482873192894
   0.57885380147887344204     0.58952435599534958044
   0.45676277263688824792     0.45845330612929180436
  -0.10780432525949870670    -0.13686596394766001317
  -0.04182604834784031667    -0.02824982984933090482
  -0.02779937625009080288    -0.01004576484024145670
  -0.19732374700751079133    -0.21359499467613243806
   0.15875826294057288068     0.20385320677033424985
   0.47392907311622228805     0.42668109838741169471
  -0.03619719740913823758    -0.02355903022937697738
   0.28380696129985694132     0.24833522567111543378
  -0.03568835178904281036     0.00041835576084183965
   0.31516396058863299645     0.32438776577938027712
  -0.08957815448078498832    -0.07989927232383137179
   0.66696651824559194388     0.62294260068582518741
   0.06646329384978698351     0.06793902377523361458
  -0.11140939283740572407    -0.13485263590665419464
  -0.32151505945633973571    -0.33447605713668776550
  -0.16004524895054020317    -0.20240116977650970953
   0.01184620333466122194     0.03572379083485500290
  -0.02328951281279989516    -0.05030074540972945263
  -0.39438660263105385084    -0.39354276263810888947
  -0.06469933388467595525    -0.04640791923821582787
  -0.25783829724906892622    -0.27474757764533053184
   0.13418478030578243065     0.13206381158079549820
   0.70141732716933091751     0.73061552587220446320
   0.04639574062055877579     0.06115479063241791025
  -0.07473649436290820403    -0.06713625620064139765
   0.25609250636220604047     0.25912557030681354631
   0.19500804588109252324     0.18991764533768315526
  -0.44593342593537477203    -0.45772738295115700247
   0.58013692402650451907     0.58968842732416515418
  -0.04099418263152704300    -0.02455075395236917812
   0.06886730814310473847     0.10685904932488551888
   0.25077925154915520212     0.24787667567458354645
  -0.58276767227586745435    -0.55655091260640598971
  -0.60269898328883719785    -0.56945731653861919597
  -0.11521686780908213521    -0.18239536495046307363
   0.03020602076292081689     0.02104804689054466313
   0.59873322967379583037     0.64562628312884995374
  -0.49962077818537525831    -0.49050338853688107976
  -0.08252220554804164110    -0.10130428131818400295
   0.57851916346080534126     0.63960929436057500919
   0.21616391576160406962     0.24754934570733794219
  -0.60043159950120239543    -0.59773389976561519532
   0.52031613909069918122     0.48529447110314172242
  -0.03851523257216489526    -0.00116603866139588543
   0.38241159315245032424     0.39678121145388833835
   0.19476477061934824309     0.21091490584747313308
   0.16698863494477694802     0.15783684933571062725
   0.11682543734709660566     0.10162170854959351463
  -0.06477480692936206375    -0.03377439423253296436
  -0.12580165430597511911    -0.13072548994315283388
  -0.01569865258226799121    -0.00558079745589513607
  -0.10312487070584869242    -0.14253077095333971380
   0.09885235494894335784     0.11659906040665500571
   0.03012580540977927157     0.02957393435202419416
  -0.11762490072680269193    -0.12741556806781986766
  -0.44060079629606568874    -0.48349212715540884622
   0.29731114421130661052     0.30979245565591090328
  -0.05406965172728234181    -0.04646926764561519485
   0.06809388566579298308     0.06194973266259107963
   0.00305126520337585527    -0.01722187917888144681
  -0.50099729966297790185    -0.53217748958118815672
  -0.09300419232485890308    -0.10546671381510178134
   0.12086469420274136011     0.11037033227070761066
  -0.81863975476492079064    -0.88803252679422073346
  -0.41704294912421047137    -0.37390240587073009237
   0.12192246947015676628     0.13256509228988638815
  -0.05807258588167553415    -0.05150365682883558532
  -0.40376579520497257736    -0.43492861843148000744
  -0.38882002948454930102    -0.39593093800798317972
  -0.21000094350367670692    -0.24650527754379394918
   0.08077760983990571464     0.10533464952718139818
  -0.41467010926294733952    -0.37780084603697206003
   0.43499882542248347050     0.39779368796152947407
  -0.68729342797754033878    -0.66402225136200310196
   0.23138735976963714647     0.19831967183509224828
   0.25810581620496420019     0.23168612906046853750
  -0.28127744253854020107    -0.26325099520704220435
  -0.00013202437340827967     0.00861658344074766810
   0.33913655563876837773     0.32174411516810436096
  -0.00746839838350941282    -0.02441863144058149110
  -0.60551483913013492977    -0.51569423606770836699
   0.32217822136847951153     0.31346450711483386797
   0.51977429399990127123     0.50303296132113084482
  -0.19237912360890652153    -0.17085461131618412400
   0.53062664917762769612     0.56280984010811030416
   0.34425680246831791287     0.29443453498242994071
   0.72301315390220854962     0.69717280850809970616
  -0.23047154492389992919    -0.21665201966704600300
   0.02230415454437331690     0.06819216775823916388
   0.09025590363572162655     0.05734212979848121727
  -0.61862969187098659773    -0.63119592221183740133
  -0.15737147949507063194    -0.14954214660654913116
   0.07972662779388038634     0.07550879525442423523
   0.00644160787027545263     0.01901505700575027713
   0.19764604611717423444     0.21332042537631479284
   0.06533246991232306844     0.05801437184112889084
  -0.42785137986102794727    -0.40325617165326865798
   0.13358585678102591343     0.10545553586421863024
  -0.11247166293094948419    -0.07509453347585358374
   0.54975506172176313857     0.57413090204247363424
  -0.39985683339329280983    -0.42009810606140174372
